4115
12955
18935
91864
65993
31522
16168
11400
43032
73759
24747
63459
87300
22486
50896
86363
85803
94771
71067
46281
55787
5113
25337
97975
3065
79331
57276
43320
71280
13549
17723
77085
74389
45725
4686
9210
88274
56335
75689
18976
55157
39672
15396
67321
14692
38323
43923
76960
38820
89427
74280
84401
89543
2253
20426
43529
72341
45677
11785
33367
58056
18335
85068
16610
93651
87422
46318
92905
17835
89260
56642
81692
61974
44474
67232
40447
21902
71974
52841
81970
53591
29163
5895
85560
24105
86559
7756
74899
84195
67453
72637
16387
90059
33985
15582
89416
4421
10568
74361
95189
9587
31384
78076
28270
85286
99462
27466
75842
82384
91338
84531
51215
79775
30181
23579
29002
24321
40149
53959
15804
76740
56518
49833
15626
63184
78069
87304
25525
67972
29048
32306
37669
21650
95918
33269
52154
47113
83672
8166
19047
86219
71112
32542
47845
7415
33111
79802
33962
60178
82275
15973
24053
73691
63488
33901
62189
74169
37015
19933
97809
15809
29425
5281
15813
4191
21448
64126
78533
42210
13390
81827
94256
38292
41891
89481
68288
68317
51319
56506
33437
19319
67827
88220
88742
77272
45753
72734
75325
34229
9046
61442
63242
16357
35315
10400
63700
10035
97928
42464
40692
67176
4711
53881
62599
81752
31259
9267
22522
91808
89137
9418
28579
49851
9015
21671
4797
23133
31648
3738
53471
23869
55161
85690
3551
46168
12560
56234
98801
28132
11974
42084
68002
48801
92736
68179
81342
33501
28404
70407
35637
10217
33425
5948
52503
14613
81774
89951
74658
68768
77690
98517
31488
95960
41103
72420
31503
48771
64314
71968
11885
66060
25737
97551
15438
20338
31318
95932
59132
31815
5870
39307
16220
51117
76198
20234
28528
45548
73838
44493
80845
48125
60657
89478
18563
55690
32590
59313
4559
36942
70390
25847
62419
84876
38054
43498
73986
87230
91380
23114
41349
53866
80764
75681
77803
71622
23149
49247
95506
10688
24597
97629
85144
4766
47380
94191
2375
79499
21940
21024
28974
59015
27620
84173
42404
11943
61353
25962
75042
45256
77535
90221
94903
22737
92623
33174
23032
23545
91055
57221
25887
64514
85048
34759
5548
85100
83906
67074
47376
27998
20662
57955
14728
15668
73849
89452
88587
72579
17658
9523
68496
85279
4367
15978
81257
70193
94599
54794
84166
48457
86372
50549
47970
61263
80325
55281
11952
81284
46771
52780
80183
39128
72070
71936
64860
57867
31030
85104
27915
69757
24240
7168
68270
62145
89503
68399
7012
35969
93404
31844
78146
19214
59520
34298
87705
80049
41041
4799
58889
31437
4238
49814
88798
59882
59770
34378
13628
85574
77089
95618
71768
68825
22895
87447
71300
45371
90457
98629
16580
34027
41970
69366
24524
18650
41034
45056
27391
21274
63795
85945
27123
49755
97618
52445
79503
22757
77991
90792
39264
47026
39056
95488
55829
74053
89623
45602
4440
19853
56897
26920
3246
7725
13952
72659
43303
41642
79871
50205
99156
61174
95729
98437
30711
33734
36019
33646
93040
24522
45621
66853
17243
36075
51283
40728
41949
75744
74295
54422
64114
81814
91095
66519
7069
13424
17259
7803
53512
68246
39275
49174
42896
44246
73816
88946
76486
87768
64914
68807
29475
5603
92274
13336
4295
7364
88771
39992
60031
29218
55350
52882
68190
34685
77251
88527
41780
63738
79888
56787
96398
91351
66338
4706
11688
28250
76319
50023
4852
69415
77490
47685
63071
46641
97726
51777
52945
98357
96561
86163
52027
93146
58529
3685
65210
81868
88203
22683
80573
16124
11071
97376
72616
15687
50016
69170
13276
3470
48239
78601
32970
6147
77212
91973
68698
87802
2242
76236
79629
97316
41648
90782
47138
12922
27343
20126
31943
93415
71446
52442
3785
38133
10094
81835
65663
56960
85505
41052
33311
54723
23557
84639
15064
72847
88178
52836
58813
39826
68241
2343
81641
82592
32753
16501
54806
52111
89785
87437
93116
57151
28105
50222
35346
13460
20502
10623
79345
58128
24002
23787
50574
19433
67731
76605
43639
86831
90471
74900
53969
65414
60599
27399
4073
70539
45093
7021
5881
94539
91741
35644
25515
33284
11542
83801
83939
46482
74837
19644
16828
69040
65938
69700
61739
13334
22461
38814
42525
96238
82105
60646
98126
52011
95826
62877
74042
3585
14221
72864
79550
10394
64490
62749
2689
38709
28719
97837
60021
89404
77754
75907
53936
47704
94270
80010
31387
11615
5105
83504
21666
2794
99586
7468
57932
4909
65330
61046
21091
27909
96256
45505
37810
6139
56167
87473
37983
79587
7580
94055
52673
48306
22972
60564
86062
42660
53452
38708
53377
90109
27640
99120
33052
3664
11866
81011
51560
20822
42478
46423
8440
58266
32390
96325
95372
83380
72670
15922
59800
90720
9927
2917
37745
34341
19844
75630
97214
34216
99461
11788
46019
12333
33013
7108
42093
52798
59481
76565
73577
42723
6659
26374
80459
59556
34328
59667
52648
80192
94979
36028
69185
71261
65074
12449
21277
76851
66289
32950
18358
53672
59127
13966
91424
75063
83341
39597
97705
30113
66510
30200
46615
46825
61980
84605
60130
4557
61900
73296
72209
4783
94149
2337
69289
40893
68306
87126
78736
43764
45922
99926
73719
72951
71142
40518
26913
96859
45740
79366
94376
28768
32735
93155
74454
31201
87726
42283
6899
63062
5808
2927
68350
66941
97321
57992
62552
47156
25375
56233
38769
63657
10458
50312
20634
41530
97148
96228
38169
40829
76568
9316
24851
67585
55719
5681
31797
40403
17964
30454
64586
73861
58320
57578
37456
20568
57050
28287
10765
24067
22539
86271
54447
80752
6516
75485
56045
32782
62193
97035
56202
28721
25492
27141
83786
92924
27378
38672
98919
58728
61654
39665
29329
83213
65688
83413
91710
59637
80055
84708
11573
40784
63977
57683
32215
39757
7477
95844
84828
15322
62719
44820
54647
97255
27424
20229
55575
79731
21229
96640
71903
85308
39287
29788
29889
78690
89882
80038
76270
31649
12511
18773
61653
44355
62686
57933
65215
33808
72331
92328
66159
87380
46909
39239
80986
71843
90882
84662
87671
83335
85197
56401
13945
96630
79854
67748
89573
32375
72089
71772
54839
76981
64809
13210
40922
21136
87587
37518
83931
58012
59780
50456
66453
6493
40708
88367
36414
30019
86940
93160
36052
69288
33825
21313
13193
77954
63480
37956
72296
48348
56757
34938
57384
45157
48331
64681
8159
