777
844
747
58
248
744
883
733
959
845
781
485
647
338
105
370
174
367
736
633
417
258
226
246
833
691
85
539
218
509
179
608
738
265
488
369
871
665
635
114
96
149
371
413
759
378
540
926
448
362
20
655
62
220
119
98
422
684
389
418
769
287
225
65
598
582
617
453
970
646
512
801
167
710
72
391
410
381
922
980
493
900
21
914
706
165
814
374
312
164
449
468
88
125
447
40
704
685
311
351
740
680
763
964
350
438
753
518
569
676
828
239
92
189
941
638
186
737
97
997
765
682
566
835
427
942
254
193
135
913
464
59
505
695
537
683
181
885
173
679
848
899
891
188
401
527
949
907
241
102
727
372
349
459
364
56
898
924
936
263
117
850
847
607
904
229
634
939
870
640
324
293
446
689
455
756
163
797
793
927
227
142
597
43
361
726
666
999
396
93
660
538
185
235
244
385
530
116
555
843
632
830
713
692
310
868
405
318
451
587
292
651
440
589
101
162
320
130
565
994
71
785
991
946
758
148
359
426
267
523
454
289
497
580
567
334
195
750
365
256
284
775
476
920
436
723
717
908
506
557
760
408
721
517
124
67
746
971
732
543
168
751
137
217
821
473
719
615
864
853
930
204
670
478
28
264
273
347
491
115
874
641
854
319
434
358
990
23
25
35
831
138
755
61
380
558
175
546
397
336
472
619
823
328
700
576
906
343
878
981
224
584
68
842
771
386
55
236
285
612
314
429
840
352
818
200
940
463
857
522
211
415
669
375
257
895
862
578
662
956
881
243
176
711
945
504
290
519
716
260
272
161
322
253
586
206
595
902
433
251
214
896
815
985
742
995
774
903
671
483
694
935
298
477
876
266
860
482
983
749
77
139
128
376
822
616
442
445
278
366
47
730
335
877
484
466
861
776
437
323
856
416
294
315
70
630
234
462
978
739
734
439
841
223
354
317
95
648
808
802
295
849
882
499
306
708
611
42
300
780
282
441
748
610
938
943
198
120
652
768
975
773
556
590
377
86
550
625
492
87
741
993
702
269
571
897
291
237
33
424
196
157
127
654
121
123
103
925
872
667
960
644
963
693
672
800
281
423
591
487
444
658
888
984
923
356
353
160
827
172
832
701
544
955
63
48
967
531
521
78
