262
629
130
328
786
908
274
599
981
841
194
319
802
912
941
288
667
166
316
225
352
931
259
293
558
628
677
661
102
391
266
366
203
133
349
471
353
744
916
294
766
451
209
369
159
572
306
501
930
189
302
465
424
291
232
846
837
580
193
175
728
665
745
113
623
196
205
525
163
329
909
530
939
807
652
508
921
107
198
148
798
519
828
521
304
917
207
115
165
297
560
461
883
574
794
431
118
491
523
897
428
326
936
806
254
413
474
851
464
213
503
357
487
618
872
390
611
866
277
260
707
852
161
631
368
167
120
548
958
610
719
805
685
650
532
721
933
648
407
708
727
682
392
314
430
633
742
179
978
607
338
675
977
992
220
414
536
395
239
566
143
986
832
868
642
186
425
881
440
749
696
253
303
373
437
854
211
596
821
811
429
359
698
476
438
500
781
953
975
540
615
743
229
778
289
320
285
879
379
973
517
318
117
704
700
499
569
367
597
959
141
689
725
729
991
362
273
738
935
492
439
899
639
335
780
699
292
825
228
759
152
103
219
204
410
332
124
979
782
932
577
604
789
271
322
608
568
486
188
865
787
748
504
701
185
192
350
114
965
342
406
579
171
961
943
709
507
479
864
158
174
388
427
948
754
267
164
402
105
360
384
809
483
924
227
658
337
419
509
762
651
951
550
860
458
575
647
119
779
684
435
495
882
324
772
299
636
363
692
644
527
898
870
668
638
731
172
393
251
256
911
944
545
880
147
606
669
823
845
775
255
920
112
656
869
497
136
313
301
472
333
859
750
389
563
453
849
893
867
755
595
902
890
132
449
666
705
940
128
284
800
757
135
894
477
594
752
753
746
224
598
345
723
400
570
875
183
653
290
446
518
747
149
922
564
614
444
919
737
770
515
106
874
505
485
784
348
520
835
980
904
201
657
694
125
735
484
355
680
982
813
969
364
625
243
409
459
466
347
834
612
913
726
488
549
600
247
538
810
237
630
460
111
441
678
139
641
562
178
330
923
826
110
310
740
372
907
370
676
760
526
863
620
307
819
261
640
415
150
968
876
489
547
964
573
822
354
206
153
416
513
655
892
896
522
768
296
855
799
686
405
216
317
433
275
942
408
173
718
200
270
215
927
619
987
836
531
387
960
191
123
871
662
937
170
720
157
394
190
265
857
659
146
664
184
529
602
593
578
878
592
983
121
706
627
236
412
399
423
724
398
671
238
901
551
814
145
862
853
131
462
565
445
673
528
494
695
994
534
468
382
777
263
928
643
280
300
716
582
609
122
195
533
230
422
887
788
626
687
785
539
567
397
621
886
436
208
988
827
374
434
311
134
346
830
693
457
546
378
817
101
891
634
482
914
385
258
516
496
586
155
264
603
210
272
168
672
711
906
995
432
646
250
559
336
697
850
162
824
226
950
713
463
945
803
632
282
233
502
231
212
856
741
949
663
541
808
934
542
791
305
972
848
861
976
339
796
442
467
884
543
325
654
156
637
967
842
510
801
235
605
176
624
512
998
730
601
498
426
480
537
403
756
591
955
905
506
341
918
816
490
889
331
974
169
990
242
269
952
221
792
926
840
268
761
710
109
793
622
138
895
984
375
475
838
197
202
100
771
956
804
954
670
404
455
511
554
774
323
833
873
971
552
182
962
377
829
970
181
340
714
769
888
712
553
736
376
478
276
683
481
758
764
456
703
613
583
411
199
154
544
877
797
295
312
321
722
383
925
587
903
447
818
142
452
989
660
635
177
351
900
244
985
929
144
327
679
555
401
222
248
180
691
915
361
910
576
278
450
217
246
298
795
356
241
417
767
820
418
617
715
688
283
535
815
493
773
380
129
104
946
581
396
997
783
616
108
223
240
690
812
993
371
245
381
470
308
831
249
765
140
281
421
839
116
386
343
334
996
557
938
776
790
344
315
234
286
214
589
734
584
858
218
751
151
448
443
365
645
963
571
885
279
649
732
469
739
160
588
733
590
127
187
473
252
524
585
420
137
843
702
561
287
514
947
717
966
763
126
674
309
681
358
844
847
957
257
454
556
