36 78
92 69
95 26
86 35
77 52
32 95
37 28
74 13
69 35
58 79
16 93
39 28
6 39
63 83
54 72
49 99
5 79
38 37
10 33
93 7
77 2
34 32
52 33
73 8
71 27
10 10
94 100
14 83
25 74
95 48
90 66
1 7
7 88
26 53
94 97
99 100
65 31
31 63
79 57
84 54
78 96
63 93
23 97
89 7
10 23
7 67
87 12
97 85
17 7
71 1
57 80
80 12
55 71
48 40
86 54
71 86
46 62
10 7
21 56
74 22
47 24
18 7
3 89
22 73
77 78
42 87
26 96
83 62
36 58
100 10
58 30
7 81
99 17
66 96
22 32
53 3
55 11
5 28
48 98
99 23
22 10
70 89
8 47
65 35
92 68
92 81
25 46
4 29
90 56
72 28
9 38
87 91
14 29
36 19
12 91
29 64
92 15
7 70
93 51
53 5
4 8
87 57
73 14
45 1
73 76
28 68
14 70
75 48
75 22
2 99
1 43
16 71
87 45
63 27
88 85
20 19
54 91
38 2
29 33
91 6
1 45
53 76
81 80
59 9
88 69
52 44
37 80
7 61
79 83
72 51
81 72
9 1
92 1
89 77
40 25
9 6
91 35
28 70
10 3
84 91
96 56
57 31
58 12
22 97
32 87
90 90
8 30
37 24
28 22
75 70
68 60
40 68
94 86
56 36
9 97
40 85
16 37
50 59
83 8
90 23
82 15
34 61
89 89
32 35
76 77
88 27
92 31
63 72
93 42
30 49
42 4
91 63
90 1
15 92
48 52
79 23
93 28
44 2
60 70
25 94
46 92
78 94
72 18
71 46
2 82
33 13
49 53
73 41
27 8
99 23
37 84
64 98
97 26
15 51
5 45
56 41
48 61
50 10
80 84
56 59
36 23
78 97
58 96
93 80
7 89
2 34
82 60
62 55
90 76
100 72
56 42
38 25
93 49
3 76
44 83
57 27
39 53
92 28
41 1
71 51
3 46
85 12
35 27
28 83
69 84
78 56
62 37
95 74
53 92
23 51
36 53
50 8
58 60
69 63
23 55
32 6
89 77
64 94
24 14
95 80
92 24
50 55
21 97
55 94
36 58
54 27
12 83
20 8
71 4
86 84
6 35
8 6
38 91
78 86
97 9
35 24
57 73
7 21
47 7
84 35
14 90
69 20
76 53
59 10
53 80
49 73
16 70
38 90
23 96
60 87
18 80
59 3
86 79
34 27
34 71
29 28
91 66
92 11
16 59
67 43
80 22
86 2
19 41
3 78
15 72
29 89
64 19
19 83
73 57
70 48
60 17
4 77
7 32
6 75
1 52
47 77
93 64
48 73
69 15
90 31
81 66
66 81
93 37
77 10
41 65
81 80
19 21
70 71
94 37
20 44
81 70
83 30
98 10
12 84
100 83
60 24
27 100
75 14
18 63
98 7
45 89
84 52
21 46
22 37
24 36
97 19
58 3
28 98
68 38
46 59
30 48
80 9
52 24
47 64
96 81
93 75
75 58
29 86
89 45
100 52
30 87
94 23
82 60
10 88
39 91
37 84
90 75
63 51
56 99
66 4
33 95
40 93
50 68
16 33
30 23
18 66
10 80
90 76
83 5
32 84
52 84
69 41
96 76
57 56
39 53
42 1
87 93
31 85
58 51
4 38
34 33
29 13
30 12
22 27
75 53
2 82
37 34
47 73
44 19
53 15
64 49
72 51
29 86
63 19
51 10
14 7
40 22
60 1
88 83
18 19
24 42
6 59
68 97
67 49
14 24
79 89
98 56
15 79
46 4
4 76
45 51
18 43
68 21
13 16
14 29
61 88
5 94
98 98
7 61
80 4
2 62
13 24
66 11
81 68
76 61
1 15
24 48
47 75
86 9
96 92
2 54
27 35
14 50
46 31
56 21
67 62
16 62
29 39
33 52
74 98
2 26
70 73
36 82
25 93
14 59
26 73
14 33
50 87
94 74
87 34
14 43
59 47
52 4
47 66
91 92
91 45
28 23
5 97
97 33
97 84
53 27
27 45
77 80
51 32
3 45
69 60
8 89
49 8
82 52
96 86
32 42
16 10
34 23
71 79
20 52
3 61
85 21
94 10
15 41
13 86
84 69
75 77
72 32
53 56
34 26
43 50
85 88
24 60
88 59
11 23
83 97
66 34
43 36
32 11
87 68
70 30
26 64
1 23
97 44
42 31
45 97
29 63
36 80
15 52
70 76
35 14
64 22
75 6
40 90
88 5
51 83
54 35
67 39
48 24
47 100
48 34
37 27
70 99
11 75
15 73
44 44
35 43
41 24
38 41
6 17
47 59
94 9
82 70
96 22
92 43
46 14
92 28
83 58
89 84
64 65
1 71
22 47
4 50
56 31
86 68
54 38
69 53
40 41
98 29
49 93
49 61
22 68
86 69
36 91
15 86
17 14
48 58
1 63
46 84
15 47
43 6
13 29
21 75
74 8
1 38
46 87
73 64
63 47
97 10
63 73
87 15
88 85
18 39
87 51
4 8
96 39
58 39
58 50
75 30
82 78
83 17
24 58
63 55
62 7
18 98
83 14
82 33
31 48
95 45
10 58
63 62
70 16
35 44
80 84
16 29
17 87
94 76
29 44
89 43
5 72
1 73
30 68
51 39
97 41
56 72
76 17
78 94
72 86
1 60
25 96
32 65
27 42
36 61
31 42
64 22
13 37
85 40
87 81
55 14
2 5
5 9
11 48
18 69
12 97
45 87
12 42
18 72
33 21
73 40
76 28
39 23
43 68
66 62
50 15
94 85
62 51
97 39
85 58
87 63
21 33
74 53
49 30
79 100
45 66
94 11
30 37
6 62
45 63
37 99
34 54
7 88
25 61
49 42
56 73
32 90
71 10
57 51
24 84
59 41
13 30
38 100
4 55
67 96
37 63
74 39
37 4
11 3
71 85
100 59
59 39
5 16
62 51
17 96
41 87
9 65
83 97
79 63
93 20
96 28
69 71
48 63
34 87
57 91
80 45
79 89
49 21
35 84
26 17
71 37
20 37
21 54
69 22
38 46
11 93
73 38
59 69
52 14
22 45
78 91
96 95
41 32
60 39
26 78
64 68
91 13
61 88
28 3
46 99
33 63
49 18
55 19
54 67
37 1
7 8
41 84
63 31
63 76
11 65
17 31
38 36
72 60
84 45
70 49
57 54
36 17
15 26
37 73
33 51
80 87
18 93
59 64
57 15
49 42
2 23
93 86
45 25
3 10
53 68
94 75
80 52
78 77
1 39
57 19
78 71
45 100
59 35
47 38
55 82
22 45
13 92
9 96
49 2
59 20
85 36
21 77
22 97
80 69
15 91
88 78
100 19
55 64
91 56
31 87
27 99
67 94
44 69
98 27
11 12
45 45
42 15
14 60
23 57
22 52
77 75
20 60
43 53
90 64
48 98
76 9
51 7
23 92
75 6
64 89
89 63
16 33
73 55
74 7
55 75
3 75
28 3
41 12
83 4
55 11
19 58
56 43
29 14
23 3
35 75
18 6
45 39
25 93
39 97
12 50
90 60
51 84
86 71
87 63
96 35
78 45
77 48
51 5
99 100
86 23
34 32
48 76
69 88
44 64
18 65
45 93
32 60
52 22
52 62
60 15
22 83
10 71
4 72
80 27
31 12
25 73
1 88
80 45
19 29
4 78
72 2
97 89
17 91
43 89
14 50
11 91
69 20
28 84
70 49
40 82
95 3
11 68
45 40
47 68
50 23
57 64
40 74
67 69
46 9
91 50
73 89
58 16
42 53
100 8
58 57
31 58
58 30
38 52
56 4
92 82
18 27
21 9
81 99
92 73
53 2
85 96
75 24
98 64
79 28
81 64
100 86
64 49
20 46
87 34
76 84
97 30
75 70
25 97
5 46
87 22
71 61
4 47
54 51
66 86
81 27
87 98
11 85
19 65
13 50
36 45
95 4
82 4
76 55
68 9
31 7
5 79
65 19
50 20
57 17
70 14
21 99
55 89
21 54
57 93
69 5
81 49
83 39
12 73
7 49
64 15
99 58
73 88
33 40
19 22
47 96
96 21
65 32
17 6
45 80
74 98
52 78
81 35
63 51
91 15
84 23
89 86
61 30
92 2
73 60
28 57
2 6
66 26
47 86
56 47
75 37
9 55
22 6
13 90
3 58
30 93
57 54
40 15
89 73
6 52
43 51
53 94
17 60
80 93
34 17
85 7
91 51
7 88
11 97
17 58
22 93
13 72
7 54
41 64
67 89
30 50
41 88
93 23
68 18
75 99
21 92
71 43
18 67
55 93
43 27
84 15
22 12
34 70
50 71
71 16
63 67
52 85
26 16
5 3
15 27
30 31
42 76
39 33
30 53
14 15
46 76
2 30
18 90
90 78
66 25
66 51
26 50
6 88
90 51
68 47
30 93
35 53
60 5
5 59
52 60
16 45
45 95
80 2
78 24
92 68
68 35
56 14
54 68
61 3
57 9
87 37
5 34
79 41
