439
171
710
164
418
217
660
613
280
699
275
656
214
773
66
247
331
111
597
595
272
396
409
130
192
480
107
641
303
346
750
509
332
712
31
40
381
388
667
155
755
676
563
500
63
329
504
106
555
543
170
65
786
392
633
603
692
118
56
359
33
441
794
124
399
80
169
593
429
206
24
646
438
391
389
568
185
683
315
259
220
363
589
468
313
498
604
168
235
236
532
471
594
98
406
335
133
632
54
674
147
596
573
611
397
29
514
302
450
340
798
261
298
485
467
612
473
404
502
208
452
637
688
487
474
112
745
256
121
630
645
77
749
716
93
50
579
550
367
764
135
540
355
297
258
103
157
574
405
308
449
443
472
430
503
394
224
735
253
74
268
306
304
279
390
677
291
681
707
191
680
714
489
746
533
293
375
553
262
310
457
283
244
456
377
379
239
422
620
575
288
788
350
557
151
767
506
488
324
125
387
42
609
799
741
560
465
785
508
91
341
345
761
296
709
344
694
378
211
565
319
257
657
460
209
216
640
458
625
689
90
380
207
454
696
725
734
213
732
494
658
459
292
444
479
733
615
623
338
510
791
52
144
385
85
522
751
772
446
436
562
402
81
461
408
393
610
227
354
731
219
511
266
552
294
273
339
572
382
412
524
571
174
173
336
675
61
362
686
663
167
647
365
756
462
762
120
697
561
116
76
384
580
726
649
221
513
55
194
624
723
538
71
299
703
364
110
693
92
551
515
411
223
322
67
684
541
69
270
39
100
368
182
554
376
713
203
143
581
189
483
104
599
162
229
351
115
619
518
356
188
687
255
210
222
212
783
119
530
134
445
102
126
246
607
548
284
704
330
51
469
323
79
653
274
448
476
352
792
205
564
199
369
277
198
780
651
309
95
325
281
534
763
774
416
527
333
123
353
507
682
320
252
578
795
605
648
590
83
371
517
318
493
466
426
271
606
82
566
419
372
38
326
358
547
184
569
655
477
176
705
357
496
523
53
295
373
778
145
542
342
374
797
516
149
790
643
200
64
250
166
525
86
154
84
608
636
263
285
621
475
117
628
711
414
232
701
178
240
175
87
307
407
659
644
254
760
245
499
26
432
99
45
137
290
720
78
437
666
775
43
742
400
73
57
492
722
521
700
48
