8 36
19 51
21 21
2 21
3 52
11 34
20 15
4 32
14 16
22 17
2 57
19 54
25 29
24 18
25 25
24 44
21 47
7 38
4 9
10 38
20 10
7 38
8 12
12 18
24 42
12 12
23 17
12 15
17 9
29 54
11 24
5 32
25 47
10 31
7 52
26 44
13 46
18 48
19 27
16 55
2 24
3 37
7 55
16 28
27 47
10 49
8 12
23 38
5 42
16 26
27 36
4 52
3 36
24 21
1 27
24 10
24 48
1 18
13 45
21 19
22 16
18 52
8 58
16 29
16 53
23 43
7 21
8 46
9 32
30 19
7 39
5 21
19 34
14 15
3 42
5 57
5 18
9 18
30 48
8 29
29 41
23 35
12 33
27 24
1 55
25 56
10 53
20 26
27 38
1 11
10 39
15 46
17 52
30 52
6 26
26 12
9 50
26 28
1 57
7 27
4 12
7 15
25 22
23 20
1 20
1 22
26 47
1 25
9 57
22 50
7 35
6 55
17 30
29 14
17 42
9 45
4 11
22 48
11 54
27 15
27 11
18 52
22 50
22 53
16 23
12 56
26 24
9 41
13 32
14 58
20 29
23 40
28 52
28 13
13 46
26 45
12 58
13 42
15 30
13 29
27 29
11 38
13 23
8 21
26 48
29 44
29 36
16 10
10 14
23 51
20 29
8 11
5 16
6 19
29 47
4 49
18 34
23 47
18 57
13 15
16 14
14 25
21 47
26 20
13 38
14 44
12 51
23 53
20 37
9 47
4 53
25 33
6 12
25 24
11 29
2 13
1 30
7 27
15 55
17 27
10 58
17 22
14 37
19 29
22 51
2 24
5 16
7 21
22 26
16 43
18 37
28 43
6 39
28 38
18 31
10 37
13 37
29 38
7 58
20 36
3 17
23 21
2 28
3 36
23 55
24 52
6 38
10 19
28 13
5 41
13 24
17 42
1 36
26 13
16 26
30 38
21 52
26 28
14 9
11 41
10 53
30 29
22 21
16 40
3 53
8 52
15 43
17 24
24 20
9 9
16 19
12 52
13 21
24 19
20 45
6 19
8 38
28 29
4 16
29 44
23 18
7 39
21 46
6 32
3 23
10 50
2 25
2 52
23 51
11 42
1 13
26 52
12 21
10 21
29 33
29 19
13 33
17 57
11 49
5 36
12 53
27 19
9 42
20 44
21 58
20 28
12 36
29 11
17 25
21 34
5 13
20 57
13 48
18 33
4 31
12 56
14 47
29 18
19 48
24 55
5 44
14 12
28 47
19 56
18 53
3 23
26 53
30 39
28 9
22 45
16 31
1 55
18 54
18 33
13 31
16 51
12 18
27 16
6 42
18 29
27 15
19 23
30 14
1 31
3 24
29 41
25 33
12 58
26 17
11 24
11 57
18 16
2 51
13 32
11 29
20 29
29 53
11 17
27 53
17 17
11 27
17 39
8 20
15 51
14 58
16 48
27 22
6 51
30 25
2 54
25 25
21 54
9 21
16 40
18 36
16 52
19 16
28 45
26 44
3 16
3 27
2 39
26 50
15 31
12 18
12 45
21 29
27 42
4 45
30 53
21 41
28 11
26 15
30 30
13 14
8 10
29 18
25 11
9 39
30 16
23 37
26 26
12 13
1 17
29 55
21 46
5 45
18 40
7 10
24 9
28 55
5 57
29 19
21 19
10 53
25 52
26 16
20 15
25 16
11 20
3 35
27 33
5 13
10 35
8 33
18 26
13 45
18 17
18 50
21 50
5 51
27 57
30 47
11 54
13 51
18 48
15 49
4 48
5 9
12 17
24 27
26 17
15 53
2 40
1 21
30 18
23 16
20 31
4 40
25 37
3 27
29 33
1 43
3 26
5 24
30 20
27 29
16 34
6 12
7 25
9 40
26 31
26 31
14 13
11 44
17 42
16 48
28 29
4 53
5 56
25 45
24 54
23 38
20 16
9 15
23 9
17 25
4 24
27 34
19 30
28 24
7 20
14 30
21 39
12 27
22 32
27 18
26 11
12 14
10 42
13 14
29 50
18 55
26 33
10 47
20 44
29 52
15 58
16 48
27 41
5 27
17 14
26 20
16 54
14 27
16 24
3 27
27 42
27 25
9 28
15 19
15 53
5 51
30 44
6 27
16 45
20 58
4 18
21 20
23 34
10 48
6 44
14 31
6 47
22 16
21 52
1 9
23 58
29 48
6 54
8 48
19 32
16 55
19 29
14 18
7 55
19 52
14 22
18 31
12 16
24 46
22 17
23 35
18 31
10 21
26 51
17 55
20 22
25 42
28 36
2 22
18 39
8 11
29 11
2 45
24 17
5 39
12 19
5 50
1 30
13 55
21 53
22 23
24 35
3 48
11 30
3 21
25 12
27 30
11 41
30 18
14 40
11 16
2 45
15 45
8 48
23 32
23 40
27 50
17 26
15 52
28 36
17 50
18 35
11 50
30 54
10 23
20 28
28 42
6 15
2 10
23 35
9 13
6 37
2 51
17 11
25 38
4 55
8 50
1 43
13 31
6 15
17 10
2 58
10 44
22 18
20 12
26 55
9 35
6 20
24 15
22 16
14 11
9 54
12 12
16 20
28 58
19 25
14 28
18 32
22 10
25 34
24 28
5 29
12 14
9 30
25 26
25 10
23 55
10 52
4 36
6 22
3 28
17 58
24 32
11 48
17 24
23 9
1 48
13 16
6 45
17 17
28 17
26 28
19 55
2 22
6 34
19 23
17 31
24 36
2 58
25 15
30 46
26 26
20 25
10 25
13 49
6 33
3 44
22 12
19 32
5 42
13 13
16 18
11 40
15 54
4 55
23 37
17 48
16 55
24 18
2 33
2 44
13 13
6 44
6 54
22 58
19 10
4 58
11 23
19 32
24 26
4 13
11 12
3 16
7 54
6 53
12 9
20 26
8 15
21 14
6 49
23 48
17 22
19 49
21 36
26 35
17 18
9 21
30 52
5 44
15 46
15 32
8 40
23 16
19 17
28 46
3 31
6 43
16 33
24 43
7 48
7 37
1 52
9 24
28 58
12 56
22 13
1 52
2 27
17 19
28 48
6 13
4 20
4 49
18 48
20 43
3 13
23 19
30 15
1 52
7 19
11 54
19 53
3 38
30 17
7 12
29 24
2 12
14 36
15 15
14 27
20 47
5 10
5 10
4 52
30 40
18 23
21 33
26 51
26 11
5 52
7 20
8 17
12 21
4 20
1 33
24 32
10 48
22 53
28 47
15 28
4 54
5 48
23 54
3 46
27 33
21 50
12 11
17 46
29 27
10 38
3 46
6 27
24 31
22 24
17 29
28 38
25 41
15 58
7 18
20 14
3 33
2 11
8 35
30 24
27 31
29 34
28 33
14 31
29 44
4 44
3 52
21 21
28 54
6 52
4 23
25 15
17 46
17 38
23 49
22 11
24 43
17 44
22 42
26 49
29 33
2 51
15 22
9 32
25 28
15 31
7 9
2 33
14 56
30 58
2 40
15 23
7 35
6 56
27 28
18 56
27 35
11 54
3 24
24 28
17 39
24 22
17 17
9 18
28 56
25 47
28 56
2 14
19 28
8 45
30 26
16 11
14 15
15 19
26 19
3 56
17 29
15 30
27 10
12 38
18 34
30 21
25 42
20 36
10 31
23 36
21 32
16 31
23 20
22 58
5 47
15 14
3 50
20 52
16 17
27 55
4 9
19 46
5 51
19 32
21 53
7 28
7 20
27 49
23 53
28 26
21 13
29 20
15 46
17 21
15 56
11 43
22 23
16 9
9 33
11 45
18 45
16 55
2 26
1 18
26 16
8 9
19 12
20 11
21 9
21 38
28 45
28 50
23 35
7 50
19 31
3 27
1 21
18 19
24 12
27 45
29 37
28 33
20 18
8 29
15 58
20 56
16 46
16 44
22 28
21 45
14 36
17 24
23 21
22 43
17 22
12 24
8 57
15 41
29 52
2 18
28 58
3 53
21 47
29 26
30 48
24 41
1 14
20 9
24 16
6 39
21 26
25 51
1 27
12 18
24 28
10 41
24 34
24 57
15 50
25 37
18 18
28 37
19 10
24 56
24 19
5 33
13 20
19 10
3 43
7 12
16 57
23 33
4 20
24 45
7 33
17 37
20 43
17 21
15 30
16 9
13 24
12 44
10 32
26 18
23 14
26 29
22 22
9 30
22 34
29 55
24 36
2 38
28 52
1 45
15 45
18 13
26 34
4 22
28 33
11 50
28 9
9 25
9 11
9 57
14 17
15 39
23 45
16 21
20 51
28 54
10 48
6 53
1 16
14 24
30 38
21 46
5 42
8 28
16 47
1 37
17 42
29 38
23 21
30 58
23 12
22 10
10 33
30 48
5 28
4 42
10 42
22 38
26 22
14 51
10 19
24 37
6 24
19 28
20 9
6 51
24 34
5 11
2 33
2 19
14 9
3 18
2 15
27 56
9 18
12 27
2 45
6 53
27 42
28 57
24 26
4 11
6 40
26 41
