18
11
13
15
8
14
5
6
11
8
11
13
0
20
8
13
10
15
23
21
18
12
5
7
8
16
14
10
22
8
17
15
17
12
15
12
8
19
7
10
15
11
22
9
13
9
14
14
10
3
3
9
12
13
2
15
20
19
2
20
12
4
18
14
15
13
12
6
10
10
16
9
8
13
11
9
6
20
11
18
7
5
12
11
12
6
19
7
13
19
19
24
11
22
22
20
6
21
17
12
3
15
13
4
10
10
18
15
16
6
11
20
5
9
3
13
11
0
12
19
16
24
5
12
12
19
14
15
17
16
7
6
12
19
11
12
13
14
13
21
15
15
12
16
17
9
9
11
19
12
15
17
29
10
9
16
12
9
11
14
10
20
17
8
17
16
22
21
10
8
16
18
5
7
8
15
24
3
10
14
5
15
22
16
9
23
19
9
8
8
2
6
7
17
9
12
18
24
4
12
18
7
13
13
8
14
26
17
17
8
0
3
16
24
3
12
3
16
14
12
9
20
19
3
23
10
14
8
7
9
8
15
8
7
2
11
13
17
24
3
8
6
11
10
15
6
13
13
15
9
7
14
9
2
14
9
9
17
20
8
7
3
17
17
10
2
7
9
24
21
11
15
7
18
10
10
8
18
7
17
6
7
15
16
11
8
15
16
14
25
22
22
14
17
3
17
12
13
13
18
6
9
14
12
2
15
11
9
5
14
13
11
21
12
11
19
14
5
15
9
6
9
8
14
14
16
15
6
3
16
19
16
17
17
6
12
8
0
14
15
9
15
25
9
8
9
17
10
16
13
9
15
5
11
11
11
14
8
19
15
15
8
11
8
8
17
12
17
17
11
16
13
13
18
6
14
5
10
16
7
13
5
9
19
19
13
7
7
7
14
18
17
13
19
7
13
6
16
14
8
6
12
11
6
11
12
13
7
19
17
14
15
5
8
14
24
13
11
13
9
13
6
10
16
6
12
18
18
14
15
19
11
17
12
19
18
20
15
17
24
13
13
12
14
6
24
9
13
11
6
24
17
7
8
18
6
8
10
21
15
12
14
12
15
21
9
11
13
24
11
4
3
11
5
12
11
8
4
11
6
15
20
20
22
8
14
25
17
9
17
3
23
8
20
23
4
15
16
7
4
18
10
12
12
5
5
22
12
14
17
13
8
8
22
13
16
9
3
6
10
10
4
19
7
11
10
12
18
11
16
7
14
13
18
15
8
23
11
10
14
11
18
13
7
9
0
14
7
8
19
19
18
14
10
13
14
14
18
2
16
7
21
8
14
10
13
13
7
2
7
11
8
17
13
5
16
6
19
8
13
7
17
26
16
6
13
27
7
11
22
11
10
8
14
14
16
14
7
19
11
23
18
6
12
12
19
18
8
10
12
4
14
10
19
9
18
15
11
3
14
9
14
7
15
5
20
7
18
14
13
17
6
2
16
5
10
14
9
11
17
13
19
9
4
11
0
11
11
19
10
8
17
7
15
15
18
9
18
8
16
23
13
0
7
11
19
10
9
11
7
0
12
8
13
11
8
14
22
6
11
22
22
11
0
19
14
11
7
9
12
5
24
22
19
14
12
22
5
10
28
10
7
12
18
16
19
12
13
19
18
19
19
7
8
3
9
9
17
4
4
9
8
10
4
12
10
12
0
8
5
15
0
5
10
14
17
21
5
9
22
12
12
23
10
11
8
10
10
12
12
11
6
11
13
9
4
12
20
20
16
13
24
12
11
13
10
15
16
8
16
12
15
14
8
16
4
15
10
4
20
3
14
19
15
22
21
14
13
15
8
13
15
15
12
3
12
3
6
15
11
11
19
27
9
7
21
13
13
6
14
11
17
12
14
16
12
13
11
5
14
10
11
16
6
15
10
16
9
7
11
19
15
9
12
13
18
13
26
14
8
16
10
12
13
12
26
18
18
15
3
7
9
17
16
2
17
14
10
11
15
9
16
11
6
11
7
3
9
13
20
10
9
9
10
12
8
7
14
11
21
6
6
17
8
21
5
10
18
11
11
12
13
8
16
8
11
20
9
15
13
23
15
18
8
23
8
12
7
8
13
10
3
9
16
19
11
12
15
27
23
16
20
17
8
14
6
9
10
12
12
16
11
12
16
3
11
12
25
16
2
9
22
6
10
11
8
20
20
5
9
11
11
11
10
12
5
13
11
3
6
10
4
11
14
5
7
16
9
12
11
2
5
10
15
9
19
9
3
15
10
18
19
21
17
9
11
11
15
12
5
17
18
22
8
6
17
16
3
14
22
