85
39
127
38
80
47
120
112
59
125
58
119
47
137
18
53
67
29
108
108
58
77
80
31
43
92
28
116
62
68
132
97
67
127
11
12
75
76
121
36
133
122
103
95
18
66
96
27
101
100
39
18
137
77
115
110
125
30
16
72
11
85
138
30
78
22
39
108
82
46
9
117
84
77
77
103
42
124
65
55
47
72
107
91
65
94
110
39
51
51
99
91
108
25
79
67
32
115
16
122
34
108
105
111
78
10
97
62
87
68
139
55
62
92
91
111
91
79
95
46
87
115
124
93
91
29
132
54
30
114
117
21
132
127
24
15
106
101
73
135
32
99
71
62
55
27
37
105
79
63
87
86
91
82
96
77
48
130
54
21
56
62
62
59
77
123
61
123
126
43
123
127
93
132
99
62
74
101
55
63
88
61
53
87
74
75
52
82
114
105
61
138
70
102
36
135
96
93
66
30
76
13
111
139
131
102
90
137
96
24
68
68
135
62
127
68
125
74
47
103
66
55
119
88
46
47
115
88
114
124
24
75
46
87
125
128
130
47
129
94
119
88
61
86
92
130
112
114
68
97
138
15
34
76
23
98
133
136
86
84
102
79
22
89
79
77
111
49
71
129
47
97
56
101
62
58
68
105
75
80
99
105
40
40
67
122
18
72
124
121
39
118
72
133
89
135
30
125
102
30
21
76
106
128
118
47
97
16
44
114
128
99
20
62
126
72
29
125
24
101
97
80
48
66
19
124
100
19
57
12
25
73
42
101
74
127
46
34
106
42
92
27
109
37
50
70
30
114
97
71
42
124
54
46
47
47
137
30
99
32
86
26
30
53
111
101
61
126
66
15
91
66
22
119
58
86
91
70
138
46
103
46
73
59
45
137
118
63
24
66
60
99
135
137
80
99
67
30
71
96
123
66
54
106
138
110
118
107
23
73
97
66
94
90
82
58
110
22
103
81
73
12
66
71
101
42
104
119
91
40
126
71
94
99
16
62
74
137
34
100
68
74
139
97
35
138
117
46
18
53
38
99
23
36
23
111
115
56
61
114
91
30
114
127
80
50
126
40
52
40
23
63
79
120
117
54
134
53
95
9
83
25
14
33
61
128
21
84
121
137
14
131
78
21
16
94
128
98
125
15
