10
17
4
13
21
17
13
23
18
13
14
13
10
12
14
18
19
13
10
9
10
13
16
14
18
16
20
13
3
13
14
15
5
7
16
12
11
15
16
15
19
10
11
18
15
14
9
6
12
18
5
15
10
12
7
18
18
13
13
13
17
17
16
5
11
16
7
12
10
14
18
8
21
15
13
13
12
8
18
13
24
15
18
8
7
17
9
7
12
18
11
11
19
16
20
8
10
14
10
24
14
11
18
14
11
8
15
14
14
6
8
15
19
15
17
12
8
20
16
8
14
15
8
10
17
14
3
17
22
7
17
13
19
11
10
10
15
18
11
15
16
16
14
8
7
12
13
17
24
13
14
18
23
20
4
9
14
17
14
17
8
23
13
22
12
15
11
17
8
20
21
10
6
13
14
17
4
20
11
10
15
17
23
17
15
5
16
17
21
9
12
14
13
22
19
5
15
24
19
19
13
12
9
11
7
22
20
16
21
23
6
23
14
18
19
11
12
18
17
15
16
26
18
11
15
24
13
15
12
21
8
4
12
6
5
8
7
25
17
14
19
10
24
10
7
14
19
18
17
19
22
19
9
8
14
12
8
6
20
9
10
21
9
16
16
16
12
20
18
14
12
19
13
21
16
15
11
6
6
9
15
17
15
15
11
19
13
14
14
15
12
15
10
14
17
17
17
11
23
18
12
18
18
9
16
20
15
12
17
14
14
25
15
20
17
11
10
15
8
13
11
17
14
16
12
12
21
13
17
19
12
11
4
17
23
20
10
7
4
13
9
22
12
20
14
12
21
20
21
17
19
11
17
6
17
18
12
13
11
14
8
19
9
21
18
18
14
15
17
8
22
12
12
4
12
20
12
14
11
14
14
18
14
13
15
11
12
19
17
14
11
7
19
10
17
19
15
7
16
17
13
3
18
19
8
15
16
13
14
19
12
24
13
13
9
13
18
16
14
15
9
13
15
20
18
6
13
16
9
12
9
10
3
9
21
13
11
13
16
6
14
16
2
4
11
12
16
10
19
13
13
17
8
10
18
9
10
10
6
23
21
21
16
19
15
12
12
8
9
11
9
16
19
23
9
21
17
18
25
20
9
9
11
10
14
15
12
11
16
2
9
8
18
16
24
17
9
18
15
11
6
16
14
19
8
9
13
16
10
13
20
20
11
16
13
16
8
17
20
23
16
20
4
13
15
11
7
21
9
13
20
14
13
10
11
13
10
16
16
5
12
16
13
16
15
17
20
22
12
18
13
21
11
19
13
10
3
14
15
15
5
15
11
5
8
23
23
14
21
20
17
18
19
9
22
13
10
25
17
14
11
5
8
13
11
18
16
15
18
16
2
18
13
14
14
16
15
12
19
19
11
12
9
3
11
15
15
9
15
23
9
16
7
19
12
22
13
9
14
10
14
11
13
18
11
11
12
8
7
6
5
19
12
22
15
10
16
16
11
17
8
18
20
15
22
15
22
10
17
20
12
10
15
12
16
22
14
6
9
10
11
14
12
8
26
10
7
21
12
12
15
7
18
15
19
14
11
8
18
15
13
25
7
20
16
18
8
17
16
5
18
17
12
16
14
8
10
19
10
12
22
21
15
16
19
17
4
1
15
20
12
18
13
8
14
7
14
18
8
14
18
17
12
11
17
17
19
16
10
7
12
22
24
10
13
16
16
19
15
17
13
20
17
15
10
10
16
6
19
10
13
22
23
16
6
6
11
14
16
20
12
15
17
7
11
26
12
14
15
9
9
10
22
20
9
12
22
15
5
6
14
9
16
15
10
10
18
17
9
10
12
19
21
14
7
12
20
10
13
14
13
22
13
13
14
16
17
11
12
5
19
14
18
25
18
13
9
7
6
15
11
21
11
11
12
11
11
12
15
18
5
11
7
20
8
17
10
10
24
17
20
20
16
11
9
9
16
7
22
14
17
21
11
13
7
16
11
14
15
18
13
21
18
19
12
19
19
7
21
13
14
10
16
14
9
11
18
6
11
15
9
12
17
10
20
15
21
16
9
17
12
15
16
16
19
21
14
13
16
