468
276
2470
3010
4004
3040
1036
962
2415
4582
1488
1092
78
5229
216
4851
395
1406
330
651
154
544
1716
584
1917
10
4700
1162
1850
4560
990
7
616
1378
9118
9900
2015
1953
4503
756
1248
1953
2231
623
230
469
348
8245
119
71
4560
240
3905
240
2322
6106
1426
70
168
814
1128
126
267
1606
6006
1218
1248
5146
1044
100
870
567
1683
1056
352
159
55
140
2352
2277
110
6230
376
455
1564
7452
1150
116
2520
504
342
7917
406
684
1092
1856
1380
70
1581
265
8
1653
1022
45
5548
476
70
1200
1650
198
43
1136
1305
189
7480
380
4914
38
957
546
45
4028
6480
531
6072
572
2960
427
6557
1224
648
9
92
6853
200
18
455
140
30
1092
672
1767
348
2134
2784
90
120
888
308
1050
1020
680
4042
504
873
680
592
2950
664
2070
1230
2074
89
1120
5852
2376
2852
504
1302
1470
84
819
90
1380
624
1817
2604
44
420
2350
92
3666
72
3266
82
429
2597
2993
216
2277
3108
3136
2522
255
45
2296
2928
50
1680
3304
828
7566
2784
7440
623
34
2460
3410
3420
1800
168
950
4557
228
3652
513
2067
644
41
3621
138
1020
945
2324
1932
2184
2294
7030
4876
1173
1908
200
1740
1449
1265
96
6853
3008
168
1520
552
550
2037
5170
1044
54
996
40
284
3612
210
24
3458
3354
873
840
4161
21
329
420
630
1380
4028
590
4240
3577
560
1710
2208
1740
720
177
6794
918
2414
812
6006
1012
944
2881
880
86
779
78
360
2581
1216
1577
4161
1680
1020
308
224
150
52
3619
5952
3504
345
2790
1782
1782
3441
770
2665
6480
399
4970
3478
220
5670
2490
490
84
8300
120
2700
1050
126
98
4005
1092
966
814
72
1843
174
196
1292
2714
240
720
312
3008
2592
2325
4350
2494
4005
1300
870
2162
2460
440
273
3108
450
1071
5544
132
3135
3720
1700
528
690
198
80
3420
415
672
1092
2829
1824
3192
2067
42
2697
2635
2958
76
1122
377
60
594
3975
82
1258
3431
836
795
3136
1224
2494
1197
510
14
440
60
7304
342
168
354
6596
3283
168
7031
392
1185
92
76
765
774
1428
208
406
5368
470
98
427
80
62
312
66
5508
4636
15
48
3525
774
2208
54
945
350
1426
168
4154
496
1131
1716
3626
26
5110
1476
2325
826
1898
462
4350
3478
2958
602
2773
52
3102
8372
4095
644
485
3201
8148
1431
135
6160
1632
45
1380
712
392
2132
4128
672
80
782
5609
260
183
1785
470
615
1118
1932
5775
288
2968
442
2150
7480
120
5192
253
8051
1122
1548
352
5916
210
832
23
4268
1302
4365
1827
720
780
2660
70
704
150
360
440
4233
1890
2613
48
4700
816
999
6930
825
1095
44
1505
984
1558
102
2773
846
2870
1056
3956
322
644
4814
7476
4160
71
1034
100
1736
2924
1026
3657
1640
2842
4557
2989
748
5934
3276
1290
238
1392
63
1932
705
258
377
525
296
38
4002
4672
2961
970
4599
435
7480
234
1479
8
1248
2262
1450
150
3198
1411
696
3465
434
882
1162
2706
1488
855
290
3906
560
1540
1680
464
1479
3572
1276
3827
360
73
1020
663
3977
504
1292
3666
3096
60
2400
2080
378
2196
1302
704
481
680
2349
770
10
45
528
414
1164
1305
84
72
231
2920
532
897
2924
2046
150
7990
3162
3783
4930
1827
231
3922
1470
7900
990
1034
1110
186
315
3663
918
616
1525
294
4088
1440
710
969
168
2419
390
1900
220
6432
2331
2886
148
33
6035
5900
2301
80
3162
1632
3567
585
8051
4977
1860
672
4899
1008
2958
5187
720
7031
147
420
442
2627
740
378
1518
874
1023
2774
4071
364
990
546
9120
1312
780
78
1088
91
5368
84
4554
693
882
1045
3618
37
56
3444
1953
4788
715
527
684
360
1260
490
1026
612
390
2701
561
6960
558
3776
285
294
46
7998
225
30
3604
7050
1040
6006
39
57
5538
900
2065
1786
4510
990
1196
288
98
1180
3060
231
2134
5520
1365
3432
1900
3520
728
2697
297
6298
3036
2646
132
45
210
420
1311
572
5775
60
2279
2880
2352
684
357
92
150
5696
5607
528
4015
518
825
75
84
492
332
55
1102
2408
406
69
525
18
585
2325
3783
300
180
1428
6106
1827
3360
1170
3696
255
9900
1978
544
912
6072
704
1170
1395
480
572
1612
60
1826
710
72
2160
372
1825
88
720
551
156
72
8633
1547
3827
350
1001
1380
84
490
1640
285
748
360
3196
1150
3648
1480
4623
414
4550
6497
464
2226
200
3306
1798
870
988
56
3772
54
63
891
6716
106
8160
600
3136
2212
5184
4300
3136
460
2958
1596
2910
1050
2425
230
1914
4331
188
918
2838
81
8526
935
1235
650
180
380
164
4180
612
217
395
1235
100
969
70
693
4895
378
1767
345
3969
3237
876
49
960
5742
6424
1320
418
4512
672
2080
102
720
3626
156
2835
1071
1365
1932
7654
1830
92
4380
1596
6
858
4042
2632
2775
495
66
1170
174
930
1026
120
6497
156
2193
4982
1020
7440
34
595
4641
616
1067
986
2046
936
378
2624
5963
150
3608
2139
612
2475
1932
3053
1206
5115
1161
420
132
1190
3550
1136
4221
4420
208
15
135
930
1596
429
1590
210
1748
30
90
1170
1650
1122
650
264
1530
3196
930
1855
60
295
780
720
855
80
312
1564
2380
56
1836
183
171
3219
170
3239
