11
22
26
28
32
13
22
6
12
31
24
27
18
22
28
26
24
28
21
21
32
10
20
37
14
23
27
12
18
22
20
27
31
23
24
12
29
22
35
31
23
27
24
19
22
19
21
28
21
30
21
17
29
12
14
23
17
29
22
22
24
20
27
14
24
23
22
25
24
25
23
26
27
23
20
19
14
28
20
25
23
21
27
24
12
33
25
37
27
25
25
25
23
28
21
28
11
20
21
32
29
19
28
19
29
30
25
26
25
24
21
14
35
13
26
13
12
18
31
18
24
25
27
20
22
30
22
19
31
23
14
31
14
32
23
17
16
26
21
21
26
12
16
28
17
9
26
23
22
24
25
14
26
29
16
26
27
16
25
33
23
22
16
18
15
19
19
26
9
16
26
26
24
23
30
32
25
19
22
20
23
30
20
29
25
24
23
22
20
19
17
17
22
17
5
16
9
35
20
21
27
13
25
31
23
20
24
13
26
28
22
31
27
15
17
27
12
22
21
20
28
18
28
14
25
14
20
26
16
22
18
16
21
27
31
18
12
18
18
24
11
17
26
15
15
27
32
30
35
29
30
24
29
9
15
12
27
18
31
23
18
24
27
21
16
16
28
20
18
20
22
11
15
31
11
25
26
29
24
25
20
24
36
23
25
19
21
23
24
19
26
22
33
20
28
33
20
21
11
21
28
25
27
25
18
19
26
25
23
27
33
22
23
22
24
17
38
16
9
30
20
17
23
14
18
18
24
18
22
27
14
25
21
22
18
10
19
20
17
30
20
25
28
22
14
26
24
27
35
16
31
22
26
31
28
36
30
27
19
33
31
20
30
23
20
36
29
25
28
26
23
27
18
18
21
18
23
25
22
20
23
16
26
24
33
7
18
24
34
12
22
23
18
25
35
10
32
20
20
26
17
21
26
27
21
10
29
38
18
17
26
40
32
28
25
20
29
31
29
29
29
26
30
11
20
25
34
20
16
21
30
17
20
12
20
22
16
30
31
15
30
31
20
24
23
33
27
24
19
23
34
29
19
28
17
12
26
35
19
15
21
20
29
13
17
32
12
30
19
32
31
12
20
19
22
16
15
18
28
17
21
19
21
27
27
27
17
16
22
24
27
22
14
24
18
16
26
26
25
29
20
25
35
31
36
24
29
27
14
24
16
20
20
31
32
10
22
18
25
24
26
22
30
20
27
40
33
35
19
26
17
24
17
26
10
19
25
27
30
17
21
31
27
25
32
27
24
16
23
29
22
14
31
21
21
23
14
10
32
22
27
12
23
19
14
26
22
21
18
19
29
37
25
10
24
33
26
23
26
23
16
19
11
20
22
22
17
23
18
14
25
26
26
23
12
11
21
22
30
16
28
32
24
25
28
21
12
20
26
20
13
23
10
37
29
20
19
16
11
21
14
9
12
28
24
8
27
21
20
24
24
25
26
21
20
32
20
29
30
14
24
21
10
22
30
22
22
18
20
13
20
32
24
29
24
25
19
31
22
26
14
15
24
18
28
16
22
26
9
30
30
17
21
10
27
26
17
23
28
25
27
27
34
9
25
30
28
26
22
22
9
22
14
11
20
21
22
37
25
26
22
17
17
13
27
28
19
19
19
25
29
30
36
20
23
23
21
22
21
22
18
19
26
25
19
19
21
13
19
22
11
17
14
25
19
16
27
17
25
26
22
22
19
22
18
27
19
26
15
26
21
23
16
29
25
20
12
10
16
18
31
27
29
29
18
26
22
26
30
20
33
25
20
38
19
29
17
22
20
19
27
31
19
25
23
24
25
20
21
19
33
28
8
18
5
22
25
24
23
10
21
16
27
20
22
27
15
34
24
23
24
31
24
22
35
27
24
15
18
21
37
20
31
29
31
20
23
24
7
30
19
32
17
21
20
22
26
22
32
20
23
22
19
33
27
18
11
15
13
29
27
27
23
32
19
20
31
27
20
27
11
27
16
29
25
18
32
25
21
17
27
19
19
21
24
24
22
18
29
20
22
21
24
15
20
22
15
32
26
27
26
36
30
22
29
25
17
33
19
18
30
18
27
17
23
32
29
13
31
25
30
30
13
25
18
26
28
19
15
27
27
16
25
20
24
29
34
36
30
35
19
22
23
10
26
21
21
28
27
19
22
16
24
27
26
28
26
31
23
27
26
29
22
30
16
22
24
33
32
32
20
26
24
29
31
27
7
17
13
35
24
24
16
29
20
24
22
19
32
18
13
27
19
16
33
21
10
17
32
21
30
26
27
30
27
27
22
19
25
23
