48494
55837
44683
381
5830
44683
61910
43201
70241
55837
48494
20059
34915
10191
1264
11966
3087
11966
43201
32984
14697
6338
4661
5830
54998
39612
874
23592
4438
22548
3266
30504
43201
6601
20546
11966
59269
36888
32984
1593
963
2276
11966
14697
46191
12339
23592
65534
17283
11599
77
35568
501
4438
1593
1060
15537
38921
13490
14697
47721
7982
4661
501
28697
27517
31734
17732
71208
34268
22548
50078
2914
41022
639
13490
14697
12718
65534
73156
21037
62797
77
64615
40313
2747
51698
12339
8893
2747
17732
19580
874
1593
17283
197
40313
38921
8893
10887
43940
38238
46952
70241
10887
16401
45434
22548
26369
37561
54169
5589
963
3447
68341
32984
3447
43201
1060
76127
46952
38238
25800
54998
15537
68341
6081
3831
1851
64615
19113
440
22039
39612
23592
38921
3447
61910
3087
38238
55837
62797
62797
3447
14288
23592
69288
63704
5830
1161
42468
11966
10887
18189
11599
381
62797
65534
66463
6601
1593
55837
55837
30504
62797
5117
32984
67400
59269
32984
9523
8275
17283
38921
17732
45434
2747
50078
49281
65534
4888
2127
28697
281
11599
41741
36888
76127
13490
963
36227
23592
3447
5350
5830
13101
23592
1593
24680
55837
32984
54998
41022
39612
8582
59269
14288
9523
17732
28104
7982
34915
16840
28104
1161
2584
9523
1720
25800
75130
639
48494
75130
68341
46191
2127
11599
15537
6601
23592
17732
7982
21037
27517
25800
9854
3831
44683
11599
6081
7982
48494
19580
65534
16401
41741
41022
63704
22039
25237
46191
14288
41741
22548
1593
568
44683
72179
42468
24133
2914
45434
1988
4438
52519
19580
41741
31117
59269
56690
66463
4227
36888
19580
100
6601
7141
10538
21037
1593
59269
33625
56690
9523
16401
11240
74139
100
100
160
54998
1988
45434
501
12718
25237
3087
24133
13887
9854
19580
32353
53342
9523
39612
26940
62797
10191
60146
73156
4661
27517
568
55837
47721
13101
381
5350
7982
30504
9206
15537
55837
10887
51698
4227
67400
19113
57547
23069
4438
14697
36888
12339
6338
62797
58406
27517
36888
70241
61027
5830
3087
41022
68341
22039
7982
22548
41022
6338
7141
2584
9523
6081
27517
4227
28697
62797
16401
6081
4438
62797
51698
74139
43940
75130
48494
62797
36888
20059
39612
66463
8275
19580
59269
6601
58406
20059
74139
44683
712
2127
1720
12339
52519
31117
16840
17283
7418
11599
328
42468
9854
60146
20059
19113
58406
48494
16401
9523
56690
14697
8275
9206
568
32353
5350
18650
73156
43940
43201
16840
55837
4661
11240
9523
963
34915
50078
50078
8275
55837
61027
21536
8275
40313
30504
238
8275
48494
7699
16840
44683
30504
67400
68341
4028
1593
34915
46952
72179
48494
24680
28104
12339
874
24680
32353
21037
874
43940
75130
40313
6870
26940
62797
7982
5350
160
15537
3831
2584
1720
35568
1593
1593
1264
65534
59269
36888
70241
34268
70241
39612
36888
50078
7699
15537
28104
20546
17283
35568
62797
74139
65534
11240
11240
2584
54169
2914
54998
40313
24133
70241
501
328
71208
23592
23069
712
